%YAML:1.0
---
CameraExtrinsicMat: !!opencv-matrix
   rows: 4
   cols: 4
   dt: d
   data: [ -7.7398443212497892e-02, -5.7083371500461277e-02,
       9.9536474203501002e-01, 3.0461067154781546e-01,
       -9.9699615540695530e-01, 1.5732364494962514e-03,
       -7.7435076230506161e-02, 1.0975454177805636e-02,
       2.8543111309195512e-03, -9.9836817538682310e-01,
       -5.7033667975622926e-02, -3.3435304094848978e-03, 0., 0., 0., 1. ]
CameraMat: !!opencv-matrix
   rows: 3
   cols: 3
   dt: d
   data: [ 3.7820242424636427e+02, 0., 3.1203396504872575e+02, 0.,
       3.9446355217163324e+02, 2.2937197298815278e+02, 0., 0., 1. ]
DistCoeff: !!opencv-matrix
   rows: 5
   cols: 1
   dt: d
   data: [ -3.5775782882496210e-01, 1.6628006031175699e-01,
       1.5955270190759958e-03, 1.2516088677872760e-03,
       -4.7197767105478863e-02 ]
ImageSize: [ 640, 480 ]
ReprojectionError: 1.5631457119444199e+00
